underlying_symbol,quote_datetime,iv30,iv60,iv90,iv120,iv180,iv360,number_of_expiry_ivs,{expiry_iv_date,expiry_iv_value}[number_of_expiry_ivs]
AAPL,2020-07-07 16:00:00,34.9377,31.9221,30.7644,31.9933,31.4702,31.4778,17,2020-07-10,30.2958,2020-07-17,29.7685,2020-07-24,29.6707,2020-07-31,35.1292,2020-08-07,34.6012,2020-08-14,32.8820,2020-08-21,32.6562,2020-09-18,30.9860,2020-10-16,31.1163,2020-11-20,32.3518,2020-12-18,31.5752,2021-01-15,31.5757,2021-06-18,31.5430,2021-09-17,31.2250,2022-01-21,31.2260,2022-06-17,30.9782,2022-09-16,31.0755
AMZN,2020-07-07 16:00:00,45.8308,39.8416,37.6196,37.7088,36.8077,35.1085,15,2020-07-10,41.3195,2020-07-17,38.8747,2020-07-24,46.4413,2020-07-31,47.5733,2020-08-07,45.4974,2020-08-14,43.5963,2020-08-21,41.9982,2020-09-18,38.7860,2020-10-16,37.2502,2020-11-20,38.2531,2021-01-15,36.3709,2021-02-19,36.3638,2021-06-18,35.2911,2022-01-21,34.1448,2022-06-17,34.1185
FB,2020-07-07 16:00:00,46.8799,40.4853,39.3772,39.6610,37.9398,36.7012,16,2020-07-10,43.1497,2020-07-17,39.6905,2020-07-24,38.9433,2020-07-31,48.5550,2020-08-07,46.2427,2020-08-14,44.6040,2020-08-21,43.0095,2020-09-18,39.6494,2020-11-20,39.5756,2020-12-18,38.4981,2021-01-15,37.6436,2021-03-19,37.1307,2021-06-18,36.7600,2022-01-21,36.1571,2022-06-17,36.0616,2022-09-16,36.2543
NFLX,2020-07-07 16:00:00,51.9508,46.8465,44.1899,45.2630,44.2756,43.8468,14,2020-07-10,41.0787,2020-07-17,64.2307,2020-07-24,57.6974,2020-07-31,54.4788,2020-08-07,51.5295,2020-08-14,49.3672,2020-08-21,48.6903,2020-09-18,45.0454,2020-11-20,45.7347,2020-12-18,44.8680,2021-01-15,43.9394,2021-06-18,43.7793,2022-01-21,43.3743,2022-06-17,43.3084
