underlying_symbol,quote_datetime,iv30,iv60,iv90,iv120,iv180,iv360,number_of_expiry_ivs,{expiry_iv_date,expiry_iv_value}[number_of_expiry_ivs]
AAPL,2020-01-10 16:00:00,32.0887,28.0860,26.6078,26.1932,26.1254,26.9422,18,2020-01-10,23.4852,2020-01-17,25.8078,2020-01-24,25.1312,2020-01-31,34.4785,2020-02-07,32.7875,2020-02-14,31.1284,2020-02-21,29.7304,2020-02-28,28.8865,2020-03-20,27.5328,2020-04-17,26.3624,2020-06-19,26.4150,2020-07-17,25.9853,2020-09-18,26.4193,2021-01-15,26.9416,2021-06-18,26.9686,2021-09-17,27.0815,2022-01-21,26.7570,2022-06-17,26.1566
AMZN,2020-01-10 16:00:00,27.4318,24.8533,24.2025,24.3005,25.0091,26.2830,16,2020-01-10,16.1921,2020-01-17,19.4268,2020-01-24,19.9807,2020-01-31,29.2969,2020-02-07,27.9605,2020-02-14,26.9118,2020-02-21,25.8782,2020-02-28,25.2737,2020-03-20,24.6324,2020-04-17,24.1101,2020-06-19,25.0690,2020-07-17,24.9566,2020-09-18,25.5365,2021-01-15,26.3203,2021-06-18,26.8067,2022-01-21,27.2176
FB,2020-01-10 16:00:00,29.9613,26.5254,26.3191,26.6220,27.4684,28.3607,15,2020-01-10,32.6606,2020-01-17,20.2018,2020-01-24,19.6613,2020-01-31,33.1906,2020-02-07,30.7874,2020-02-14,29.3045,2020-02-21,28.1538,2020-02-28,27.2144,2020-03-20,26.3509,2020-06-19,27.2543,2020-09-18,27.8283,2021-01-15,28.4506,2021-03-19,28.9871,2021-06-18,29.1237,2022-01-21,29.2514
NFLX,2020-01-10 16:00:00,43.1433,36.5458,37.4127,38.7406,35.4422,36.8592,14,2020-01-10,29.2733,2020-01-17,28.8885,2020-01-24,53.2201,2020-01-31,47.0972,2020-02-07,43.8898,2020-02-14,41.3546,2020-02-21,39.6017,2020-02-28,38.1752,2020-03-20,35.9878,2020-04-17,38.1751,2020-06-19,36.4432,2021-01-15,37.0634,2021-06-18,37.0724,2022-01-21,37.3424
